$ 1 0.000005 10.200277308269968 50 5 50
178 528 224 672 224 0 2 0.2 0.25852303485395484 0.05 1000000 0.02 20
172 496 256 432 256 0 6 12 12 0 0 0.5 Coil Voltage
g 528 336 528 368 0
181 816 176 864 176 0 317.2594044951429 100 120 0.4 0.4
181 816 240 864 240 0 300.0000000023203 100 120 0.4 0.4
w 816 176 816 240 0
d 864 176 912 176 1 0.805904783
d 912 240 864 240 1 0.805904783
w 912 176 912 240 0
w 672 160 704 160 0
w 704 160 704 240 0
w 704 240 672 240 0
w 672 192 672 208 0
w 528 256 496 256 0
w 672 192 784 192 0
w 784 240 704 240 0
w 784 176 816 176 0
w 784 240 784 272 0
w 784 272 912 272 0
w 912 240 912 272 0
x 823 261 899 264 0 18 DC motor
w 784 176 784 192 0
t 496 320 528 320 0 1 -6.114769651175784 0.7147696515114638 100
w 528 272 528 304 0
R 256 320 208 320 0 0 40 3.3 0 0 0.5
r 448 320 480 320 0 1000
g 528 224 448 224 0
r 432 96 400 96 0 1000
s 288 96 400 96 0 1 false
w 256 320 256 128 0
s 336 320 416 320 0 0 false
w 448 320 416 320 0
w 496 320 480 320 0
x 274 122 408 125 0 24 on/off (pwm)
x 332 349 423 352 0 24 direction
w 528 144 528 176 0
178 464 32 608 32 0 1 0.2 5.09996698205839e-12 0.05 1000000 0.02 20
t 432 96 464 96 0 1 -11.901460454706257 0.09853954519174238 100
g 464 112 464 144 0
w 256 320 336 320 0
w 256 128 256 96 0
w 256 96 288 96 0
172 464 64 400 64 0 6 12 12 0 0 0.5 Coil Voltage
w 608 48 608 112 0
w 608 112 528 112 0
w 528 112 528 144 0
172 464 32 400 32 0 6 12 12 0 0 0.5 Coil Voltage
